---
startPose:
  x: 14.0
  y: 61.0
  heading: 4.71238898038469
startTangent: 0.0
waypoints:
- position:
    x: 16.0
    y: 33.0
  heading: 4.71238898038469
  tangent: 0.0
  interpolationType: "LINEAR"
resolution: 0.25
version: 1
