---
startPose:
  x: 14.0
  y: 61.0
  heading: 4.71238898038469
startTangent: 0.0
waypoints:
- position:
    x: 14.0
    y: 30.0
  heading: 0.0
  tangent: 4.886921905584122
  interpolationType: "CONSTANT"
- position:
    x: 52.0
    y: 30.0
  heading: 0.0
  tangent: 4.886921905584122
  interpolationType: "CONSTANT"
resolution: 0.25
version: 1
