---
startPose:
  x: 32.0
  y: -37.0
  heading: 3.141592653589793
startTangent: 0.0
waypoints:
- position:
    x: 50.0
    y: -37.0
  heading: 1.5707963267948966
  tangent: 0.0
  interpolationType: "SPLINE"
resolution: 0.25
version: 1
