---
startPose:
  x: 35.0
  y: -60.0
  heading: 1.5707963267948966
startTangent: 0.0
waypoints:
- position:
    x: 42.0
    y: -60.0
  heading: 1.5707963267948966
  tangent: 3.141592653589793
  interpolationType: "SPLINE"
- position:
    x: 50.0
    y: -40.0
  heading: 0.0
  tangent: 3.141592653589793
  interpolationType: "CONSTANT"
resolution: 0.25
version: 1
